-1 1 avx 10000 2 1 1485.12 1626.12 4329.62 2512.7 2622.15
-1 2 avx 10000 2 1 728.38 772.383 2073.48 1234.58 1268.19
-1 4 avx 10000 2 1 387.485 403.389 1065.02 612.704 642.238
-1 14 avx 10000 2 1 137.132 126.402 355.467 195.821 203.684
-1 24 avx 10000 2 1 96.3831 93.1932 258.012 140.547 147.797
-1 34 avx 10000 2 1 80.6545 77.8585 220.389 123.657 131.991
-1 44 avx 10000 2 1 88.6506 73.7163 205.333 115.119 119.239
-1 54 avx 10000 2 1 70.2188 70.8292 195.921 106.033 106.774
-1 64 avx 10000 2 1 72.3087 70.3917 190.405 82.1353 79.6606
-1 74 avx 10000 2 1 72.2349 65.0213 168.792 71.0584 70.7968
-1 84 avx 10000 2 1 91.3383 70.9606 183.877 69.1089 65.1691
-1 94 avx 10000 2 1 74.292 71.9333 152.609 66.7241 62.4871
-1 104 avx 10000 2 1 77.1318 54.3213 125.774 62.8825 62.6908
-1 1 avx 20000 2 1 5961.08 6507.66 17056.3 10028.9 10472.3
-1 2 avx 20000 2 1 2893.17 3094.7 8324.62 4855.14 5088.28
-1 4 avx 20000 2 1 1511.28 1519.11 4181.11 2472.42 2563.44
-1 14 avx 20000 2 1 509.979 533.678 1331.54 741.423 788.949
-1 24 avx 20000 2 1 364.701 373.817 997.131 539.178 572.37
-1 34 avx 20000 2 1 289.452 302.759 807.302 451.583 449.417
-1 44 avx 20000 2 1 284.236 290.733 785.823 426.377 425.005
-1 54 avx 20000 2 1 282.505 260.811 709.854 387.558 390.183
-1 64 avx 20000 2 1 218.288 192.619 541.189 301.316 308.293
-1 74 avx 20000 2 1 271.104 178.661 469.91 260.965 265.633
-1 84 avx 20000 2 1 273.476 154.494 444.035 243.483 254.157
-1 94 avx 20000 2 1 163.186 144.599 429.233 239.302 253.211
-1 104 avx 20000 2 1 176.82 148.232 423.896 238.208 243.205
-1 1 avx 30000 2 1 12699.2 13497.1 36515.4 21756.1 22642
-1 2 avx 30000 2 1 6561.48 6953.48 18683.2 11043.1 11478.6
-1 4 avx 30000 2 1 3338.55 3446.06 9400.84 5447.5 5785.21
-1 14 avx 30000 2 1 1123.65 1106.96 2919 1673.79 1761.86
-1 24 avx 30000 2 1 788.076 824.483 2057.74 1128.04 1106.44
-1 34 avx 30000 2 1 688.637 687.659 1732.52 968.123 962.447
-1 44 avx 30000 2 1 634.721 645.664 1670.78 955.504 939.124
-1 54 avx 30000 2 1 619.144 621.76 1563.45 863.057 874.224
-1 64 avx 30000 2 1 464.653 449.394 1226.94 682.076 684.845
-1 74 avx 30000 2 1 463.617 403.891 1079.23 595.679 615.583
-1 84 avx 30000 2 1 363.662 352.91 1038.4 557.965 570.929
-1 94 avx 30000 2 1 408.482 345.593 953.731 535.706 554.178
-1 104 avx 30000 2 1 350.827 339.809 945.468 531.733 540.217
-1 1 avx 40000 2 1 22637 23605.1 64982.7 38666.1 40234.6
-1 2 avx 40000 2 1 11687.7 12427.9 33093.6 19697.4 20477.9
-1 4 avx 40000 2 1 5893.35 6187.43 16612 9791.04 10277.4
-1 14 avx 40000 2 1 1921.87 1957.78 5114.83 2992.77 3130.39
-1 24 avx 40000 2 1 1327.44 1308.75 3326.72 1793.42 1864.04
-1 34 avx 40000 2 1 1181.08 1144.53 2839.7 1521.26 1545.1
-1 44 avx 40000 2 1 1189.19 1176.42 2772.56 1507.5 1428.22
-1 54 avx 40000 2 1 1075.04 1047.82 2545.02 1351.61 1345.75
-1 64 avx 40000 2 1 789.494 785.522 2096.58 1159.93 1180.78
-1 74 avx 40000 2 1 750.334 686.679 1834.27 1024.57 1072.23
-1 84 avx 40000 2 1 688.229 644.502 1790.77 1027.81 1051.39
-1 94 avx 40000 2 1 702.007 629.696 1762.6 983.019 1022.74
-1 104 avx 40000 2 1 693.602 634.106 1715.24 960.99 999.904
-1 1 avx 50000 2 1 37514.4 40775.4 105691 60375.1 62838.3
-1 2 avx 50000 2 1 18167.7 19229.6 51731.3 30663.1 32025.8
-1 4 avx 50000 2 1 9292.64 9866.33 26328.9 15502 16184
-1 14 avx 50000 2 1 2958.57 3030.61 8022.28 4681.51 4947.92
-1 24 avx 50000 2 1 2105.05 2023.52 5093.95 2803.38 2963.24
-1 34 avx 50000 2 1 1934.18 1816.39 4150.14 2334.72 2412.09
-1 44 avx 50000 2 1 1792.62 1646.25 3828.45 2027.57 2011.84
-1 54 avx 50000 2 1 1665.69 1562.12 3831.97 1990.07 1986.19
-1 64 avx 50000 2 1 1219.39 1189.37 3113.12 1766.56 1776.99
-1 74 avx 50000 2 1 1103.84 1051.27 2883.23 1655 1695.56
-1 84 avx 50000 2 1 1016.96 1013.8 2762.26 1589.29 1659.8
-1 94 avx 50000 2 1 975.101 997.781 2777.71 1548.13 1608.07
-1 104 avx 50000 2 1 1000.06 971.113 2659.75 1531.71 1567.67
-1 1 avx 60000 2 1 53937.4 59200.7 147226 86861.5 90360.6
-1 2 avx 60000 2 1 26210.5 28123.7 74338.9 44253 46525.2
-1 4 avx 60000 2 1 13339.1 14328.4 37879.7 22471.6 23423.3
-1 14 avx 60000 2 1 4179.78 4334.51 11533.6 6846.95 7065.02
-1 24 avx 60000 2 1 2962.77 2779.52 6993.53 4151.55 4269.95
-1 34 avx 60000 2 1 2684.62 2413.94 5723.27 3249.99 3437.19
-1 44 avx 60000 2 1 2599.9 2318.64 5297.51 2825.83 2900.05
-1 54 avx 60000 2 1 2326.51 2149.86 4970.15 2634.11 2609.77
-1 64 avx 60000 2 1 1756.51 1698.05 4449.82 2451.38 2633.02
-1 74 avx 60000 2 1 1476.92 1507.37 4121.16 2388.2 2442.76
-1 84 avx 60000 2 1 1418.98 1479.07 4058.15 2297.73 2385.25
-1 94 avx 60000 2 1 1403.15 1448.92 4002.1 2253.25 2306.98
-1 104 avx 60000 2 1 1429.22 1422.63 3844.04 2209.92 2255.69
-1 1 avx 70000 2 1 70141.3 72250.8 197802 118216 123048
-1 2 avx 70000 2 1 35667.8 38257.8 101223 60370.6 63212.9
-1 4 avx 70000 2 1 18122.3 19212.5 51328.6 30441.1 31694.9
-1 14 avx 70000 2 1 5600.68 5881.93 15686.3 9273.69 9622.25
-1 24 avx 70000 2 1 3972.27 3562.93 9534.56 5700.15 5850.96
-1 34 avx 70000 2 1 3575.98 3140.1 7844.07 4564.81 4794.61
-1 44 avx 70000 2 1 3416.18 3000.29 6924.67 3889.61 3967.09
-1 54 avx 70000 2 1 3153.17 2735.62 6420.8 3469.98 3548.45
-1 64 avx 70000 2 1 2445.62 2313.16 5858.38 3352.42 3466.78
-1 74 avx 70000 2 1 2086.04 2054.41 5582.68 3254.78 3354.65
-1 84 avx 70000 2 1 1943.59 2019.91 5480.85 3128.22 3243.36
-1 94 avx 70000 2 1 1927.93 1971.6 5382.37 3050.09 3161.59
-1 104 avx 70000 2 1 1874.83 1912.17 5164.57 2976.98 3063.1
-1 1 avx 80000 2 1 95676.5 104069 270364 160472 166709
-1 2 avx 80000 2 1 46561.6 51017.2 132813 78727.5 81878.8
-1 4 avx 80000 2 1 23285.8 24462 66170.8 39472.8 41015.1
-1 14 avx 80000 2 1 7303.25 7620.88 20437.7 12137.2 12641.2
-1 24 avx 80000 2 1 5075.59 4606.21 12440.1 7391.71 7644.61
-1 34 avx 80000 2 1 4484.56 3838.11 10172.3 6132.69 6163.39
-1 44 avx 80000 2 1 4328.48 3648.66 8654.85 5000.03 5195.35
-1 54 avx 80000 2 1 3951.05 3413.18 8060.73 4556.15 4705.31
-1 64 avx 80000 2 1 3115.85 2946.35 7539.5 4386.41 4539.18
-1 74 avx 80000 2 1 2636.24 2677.62 7325.46 4219.05 4381.04
-1 84 avx 80000 2 1 2523.97 2622.97 7038.65 4081.9 4248.75
-1 94 avx 80000 2 1 2488.76 2550.45 6912.42 3943.94 4100.35
-1 104 avx 80000 2 1 2465.91 2589.79 6731.65 3849.62 4003.67
-1 1 avx 90000 2 1 121121 131529 341469 202902 208754
-1 2 avx 90000 2 1 59032.5 63108 167464 99497.1 103653
-1 4 avx 90000 2 1 29850.9 31749.1 84021.4 50004.4 51989.3
-1 14 avx 90000 2 1 9201.94 9733.45 27121.9 15403.5 16038.4
-1 24 avx 90000 2 1 6097.94 5790.73 16563.2 9456.71 9730.52
-1 34 avx 90000 2 1 5587.44 4770.15 13193.7 7784.48 7919.38
-1 44 avx 90000 2 1 5331.71 4448.42 10773.1 6425.99 6646.9
-1 54 avx 90000 2 1 4891.52 4206.88 10143.7 5768.66 5906.6
-1 64 avx 90000 2 1 3882.4 3720.24 9467.45 5542.65 5710.4
-1 74 avx 90000 2 1 3324.15 3445.5 9261.21 5341.97 5528.25
-1 84 avx 90000 2 1 3281.82 3340.88 9002.53 5160.53 5353.13
-1 94 avx 90000 2 1 3255.69 3259.81 8686.97 5021.6 5169.3
-1 104 avx 90000 2 1 3205.99 3173.95 8496.71 4867.89 5029.91
0 0 nosimd 10000 2 10 138.93 134.343 285.139 193.032 232.426
0 0 nosimd 20000 2 10 499.824 493.927 1056.32 717.845 875.306
0 0 nosimd 30000 2 10 1107.59 1103.14 2357.26 1600.07 1952.01
0 0 nosimd 40000 2 10 1960.88 1952.68 4174.73 2832.06 3460.18
0 0 nosimd 50000 2 10 3056.39 3044.08 6509.4 4414.04 5394.12
0 0 nosimd 60000 2 10 4391.64 4370.85 9352.42 6339.47 7754.99
0 0 nosimd 70000 2 10 5972.92 5950.03 12730 8625.67 10545.4
0 0 nosimd 80000 2 10 7801.73 7759.18 16618.2 11269.9 13774.5
0 0 nosimd 90000 2 10 9861.33 9824.85 20992.1 14245.4 17412.3
-1 0 nosimd 25000 2 10 247936 206289 579422 337455 343375
-1 0 sse 25000 2 10 128072 112740 324328 227375 205537
-1 1 avx 25000 2 10 93630.4 101645 265352 156822 163103
-1 2 avx 25000 2 10 45545 48776.9 129813 77174.7 80033.8
-1 4 avx 25000 2 10 23151.1 24589.5 65957.6 38839.8 40550.6
-1 14 avx 25000 2 10 7122.55 7529.15 20507.7 11753.2 12345.7
-1 24 avx 25000 2 10 4406 4713.73 12763.3 7180.11 7481.19
-1 34 avx 25000 2 10 3720.07 4031.8 10862.2 5961.87 6206.64
-1 44 avx 25000 2 10 3219.62 3444.39 9436.53 5205.2 5333.71
-1 54 avx 25000 2 10 2994.36 3162.39 8667.32 4804.06 4940.93
-1 64 avx 25000 2 10 2669.76 2811.23 7991.64 4397.09 4527.84
-1 74 avx 25000 2 10 2641.85 2663.12 7590.32 4175.49 4320.47
-1 84 avx 25000 2 10 2471.15 2569.58 7420.37 4068.67 4201.97
-1 94 avx 25000 2 10 2432.33 2491.76 7150.17 3949.42 4089.84
-1 104 avx 25000 2 10 2396.98 2427.36 6972.25 3858.16 3974.3
0 0 nosimd 25000 2 1000 77420.7 77033.1 164582 111731 136301
